 &plot nbnd=  16, nks=    61 /
            0.000000  0.000000  0.000000
  -22.777  -10.365   -6.460   -6.460   -0.479    0.160    0.270    0.375    0.403    0.651
    0.714    1.069    1.166    1.620    1.752    2.301
            0.016667  0.028868  0.000000
  -22.761  -10.344   -6.529   -6.492   -0.451    0.186    0.297    0.401    0.430    0.678
    0.741    1.096    1.193    1.646    1.779    2.327
            0.033333  0.057735  0.000000
  -22.713  -10.279   -6.732   -6.590   -0.368    0.265    0.377    0.481    0.511    0.757
    0.821    1.175    1.273    1.725    1.859    2.405
            0.050000  0.086603  0.000000
  -22.633  -10.171   -7.049   -6.748   -0.231    0.397    0.511    0.614    0.644    0.889
    0.955    1.306    1.407    1.856    1.994    2.535
            0.066667  0.115470  0.000000
  -22.521  -10.020   -7.457   -6.964   -0.042    0.581    0.698    0.799    0.832    1.074
    1.142    1.491    1.595    2.039    2.181    2.716
            0.083333  0.144338  0.000000
  -22.379   -9.828   -7.932   -7.230    0.198    0.816    0.939    1.038    1.072    1.312
    1.383    1.727    1.835    2.274    2.421    2.948
            0.100000  0.173205  0.000000
  -22.208   -9.596   -8.451   -7.538    0.490    1.102    1.233    1.329    1.366    1.601
    1.677    2.014    2.129    2.558    2.715    3.226
            0.116667  0.202073  0.000000
  -22.008   -9.325   -8.995   -7.882    0.832    1.436    1.580    1.671    1.714    1.940
    2.024    2.350    2.476    2.889    3.061    3.545
            0.133333  0.230940  0.000000
  -21.782   -9.548   -9.017   -8.253    1.224    1.812    1.981    2.064    2.114    2.328
    2.424    2.731    2.875    3.255    3.460    3.878
            0.150000  0.259808  0.000000
  -21.532  -10.098   -8.676   -8.641    1.666    2.206    2.436    2.503    2.568    2.754
    2.878    3.137    3.328    3.617    3.912    4.147
            0.166667  0.288675  0.000000
  -21.261  -10.633   -9.042   -8.304    2.158    2.502    2.943    2.976    3.075    3.194
    3.384    3.520    3.834    3.932    4.417    4.447
            0.183333  0.317543  0.000000
  -20.975  -11.143   -9.446   -7.906    2.427    2.699    3.486    3.504    3.636    3.675
    3.944    3.968    4.384    4.392    4.928    4.974
            0.200000  0.346410  0.000000
  -20.677  -11.618   -9.849   -7.490    2.056    3.288    4.064    4.119    4.250    4.255
    4.539    4.556    4.958    5.004    5.507    5.583
            0.216667  0.375278  0.000000
  -20.376  -12.048  -10.244   -7.062    1.596    3.924    4.705    4.787    4.906    4.917
    5.184    5.222    5.601    5.667    6.148    6.244
            0.233333  0.404145  0.000000
  -20.080  -12.422  -10.628   -6.636    1.130    4.604    5.397    5.508    5.613    5.637
    5.886    5.940    6.298    6.383    6.839    6.955
            0.250000  0.433013  0.000000
  -19.802  -12.727  -10.996   -6.225    0.694    5.324    6.124    6.283    6.371    6.410
    6.635    6.710    7.038    7.149    7.565    7.714
            0.266667  0.461880  0.000000
  -19.555  -12.951  -11.343   -5.848    0.314    6.076    6.828    7.110    7.172    7.235
    7.418    7.531    7.797    7.961    8.282    8.502
            0.283333  0.490748  0.000000
  -19.353  -13.083  -11.664   -5.530    0.010    6.840    7.304    7.990    8.016    8.110
    8.229    8.395    8.558    8.787    8.990    9.138
            0.300000  0.519615  0.000000
  -19.206  -13.122  -11.950   -5.291   -0.202    7.407    7.568    8.911    8.915    9.004
    9.107    9.162    9.404    9.404    9.802    9.823
            0.316667  0.548483  0.000000
  -19.121  -13.087  -12.175   -5.149   -0.319    7.360    8.117    9.327    9.869    9.915
   10.029   10.058   10.226   10.337   10.400   10.740
            0.333333  0.577350  0.000000
  -19.095  -13.049  -12.274   -5.105   -0.353    7.329    8.295    9.551   10.052   10.698
   10.873   10.940   10.955   10.959   10.964   11.036
            0.316667  0.577350  0.000000
  -19.101  -13.064  -12.245   -5.115   -0.346    7.339    8.264    9.467   10.103   10.521
   10.677   10.691   10.703   10.784   10.803   10.831
            0.300000  0.577350  0.000000
  -19.117  -13.109  -12.159   -5.142   -0.330    7.370    8.184    9.293   10.135   10.292
   10.438   10.448   10.461   10.543   10.564   10.597
            0.283333  0.577350  0.000000
  -19.143  -13.174  -12.028   -5.184   -0.308    7.422    8.068    9.098   10.052   10.068
   10.209   10.216   10.237   10.312   10.334   10.383
            0.266667  0.577350  0.000000
  -19.175  -13.250  -11.865   -5.238   -0.284    7.494    7.925    8.901    9.856    9.881
    9.993    9.996   10.024   10.094   10.116   10.179
            0.250000  0.577350  0.000000
  -19.214  -13.331  -11.679   -5.300   -0.260    7.582    7.756    8.710    9.655    9.674
    9.789    9.790    9.817    9.890    9.910    9.975
            0.233333  0.577350  0.000000
  -19.256  -13.411  -11.477   -5.367   -0.239    7.561    7.680    8.530    9.454    9.468
    9.596    9.601    9.620    9.698    9.717    9.776
            0.216667  0.577350  0.000000
  -19.300  -13.489  -11.264   -5.437   -0.222    7.343    7.782    8.362    9.230    9.294
    9.416    9.425    9.436    9.520    9.538    9.589
            0.200000  0.577350  0.000000
  -19.345  -13.563  -11.045   -5.508   -0.210    7.102    7.878    8.208    9.011    9.133
    9.249    9.264    9.265    9.355    9.372    9.415
            0.183333  0.577350  0.000000
  -19.391  -13.633  -10.824   -5.578   -0.203    6.842    7.961    8.068    8.804    8.985
    9.095    9.109    9.116    9.204    9.219    9.257
            0.166667  0.577350  0.000000
  -19.435  -13.697  -10.604   -5.645   -0.200    6.570    7.942    8.022    8.615    8.851
    8.955    8.968    8.982    9.066    9.079    9.113
            0.150000  0.577350  0.000000
  -19.477  -13.757  -10.389   -5.710   -0.201    6.294    7.830    8.058    8.447    8.729
    8.829    8.840    8.861    8.942    8.953    8.984
            0.133333  0.577350  0.000000
  -19.517  -13.810  -10.182   -5.769   -0.205    6.020    7.730    8.071    8.299    8.621
    8.715    8.725    8.753    8.831    8.840    8.868
            0.116667  0.577350  0.000000
  -19.553  -13.857   -9.988   -5.824   -0.210    5.759    7.643    8.065    8.172    8.525
    8.615    8.624    8.658    8.733    8.741    8.767
            0.100000  0.577350  0.000000
  -19.585  -13.899   -9.811   -5.872   -0.217    5.516    7.567    8.046    8.064    8.442
    8.529    8.537    8.576    8.648    8.654    8.679
            0.083333  0.577350  0.000000
  -19.614  -13.934   -9.652   -5.913   -0.225    5.298    7.504    7.974    8.021    8.372
    8.455    8.463    8.506    8.577    8.581    8.605
            0.066667  0.577350  0.000000
  -19.637  -13.962   -9.517   -5.948   -0.232    5.112    7.452    7.902    7.994    8.314
    8.395    8.403    8.448    8.518    8.522    8.544
            0.050000  0.577350  0.000000
  -19.655  -13.985   -9.408   -5.975   -0.238    4.962    7.411    7.846    7.971    8.270
    8.349    8.356    8.404    8.472    8.475    8.497
            0.033333  0.577350  0.000000
  -19.669  -14.001   -9.328   -5.995   -0.243    4.851    7.382    7.807    7.952    8.238
    8.315    8.323    8.372    8.440    8.442    8.464
            0.016667  0.577350  0.000000
  -19.677  -14.010   -9.279   -6.007   -0.246    4.784    7.365    7.783    7.941    8.218
    8.295    8.302    8.353    8.420    8.422    8.443
            0.000000  0.577350  0.000000
  -19.680  -14.014   -9.263   -6.011   -0.247    4.761    7.359    7.776    7.937    8.212
    8.289    8.296    8.346    8.414    8.415    8.437
            0.000000  0.548483  0.000000
  -19.716  -13.957   -9.250   -6.068   -0.172    4.737    6.877    7.346    7.510    7.594
    7.643    7.857    7.947    8.257    8.282    8.452
            0.000000  0.519615  0.000000
  -19.822  -13.790   -9.211   -6.232    0.041    4.649    6.301    6.637    6.771    6.863
    6.910    7.134    7.223    7.545    7.673    8.086
            0.000000  0.490748  0.000000
  -19.984  -13.527   -9.147   -6.478    0.368    4.460    5.817    5.955    6.076    6.170
    6.223    6.444    6.538    6.859    6.988    7.405
            0.000000  0.461880  0.000000
  -20.188  -13.184   -9.058   -6.781    0.775    4.135    5.309    5.364    5.455    5.516
    5.628    5.793    5.920    6.211    6.354    6.760
            0.000000  0.433013  0.000000
  -20.418  -12.777   -8.945   -7.116    1.231    3.707    4.703    4.773    4.888    4.902
    5.146    5.183    5.454    5.602    5.812    6.153
            0.000000  0.404145  0.000000
  -20.663  -12.319   -8.810   -7.465    1.700    3.237    4.139    4.196    4.320    4.332
    4.610    4.617    5.014    5.037    5.439    5.588
            0.000000  0.375278  0.000000
  -20.912  -11.824   -8.653   -7.816    2.131    2.766    3.623    3.656    3.784    3.812
    4.084    4.101    4.516    4.521    5.047    5.070
            0.000000  0.346410  0.000000
  -21.158  -11.301   -8.478   -8.159    2.312    2.412    3.156    3.161    3.286    3.358
    3.590    3.660    4.031    4.074    4.595    4.611
            0.000000  0.317543  0.000000
  -21.396  -10.761   -8.488   -8.285    1.885    2.361    2.695    2.743    2.826    2.976
    3.133    3.325    3.579    3.753    4.154    4.257
            0.000000  0.288675  0.000000
  -21.621  -10.211   -8.798   -8.079    1.488    2.067    2.275    2.347    2.407    2.603
    2.715    2.993    3.163    3.490    3.743    4.047
            0.000000  0.259808  0.000000
  -21.831   -9.660   -9.085   -7.863    1.125    1.730    1.894    1.979    2.027    2.244
    2.336    2.648    2.786    3.175    3.368    3.806
            0.000000  0.230940  0.000000
  -22.023   -9.346   -9.118   -7.642    0.797    1.410    1.553    1.645    1.686    1.914
    1.996    2.324    2.447    2.863    3.032    3.520
            0.000000  0.202073  0.000000
  -22.196   -9.581   -8.593   -7.421    0.505    1.121    1.253    1.348    1.386    1.620
    1.696    2.033    2.148    2.577    2.733    3.245
            0.000000  0.173205  0.000000
  -22.348   -9.786   -8.098   -7.206    0.249    0.868    0.992    1.091    1.126    1.364
    1.436    1.779    1.888    2.326    2.474    2.999
            0.000000  0.144338  0.000000
  -22.478   -9.962   -7.645   -7.004    0.031    0.653    0.771    0.872    0.905    1.147
    1.216    1.563    1.668    2.111    2.254    2.787
            0.000000  0.115470  0.000000
  -22.585  -10.106   -7.246   -6.823   -0.150    0.476    0.591    0.693    0.725    0.969
    1.035    1.385    1.487    1.935    2.074    2.613
            0.000000  0.086603  0.000000
  -22.669  -10.219   -6.915   -6.671   -0.293    0.338    0.451    0.554    0.584    0.830
    0.895    1.247    1.347    1.797    1.933    2.476
            0.000000  0.057735  0.000000
  -22.729  -10.300   -6.667   -6.556   -0.396    0.239    0.350    0.455    0.484    0.731
    0.794    1.148    1.246    1.699    1.833    2.379
            0.000000  0.028868  0.000000
  -22.765  -10.349   -6.512   -6.484   -0.458    0.180    0.290    0.395    0.424    0.671
    0.734    1.089    1.186    1.640    1.772    2.320
            0.000000  0.000000  0.000000
  -22.777  -10.365   -6.460   -6.460   -0.479    0.160    0.270    0.375    0.403    0.651
    0.714    1.069    1.166    1.620    1.752    2.301
