 &plot nbnd=  16, nks=    61 /
            0.000000  0.000000  0.000000
  -23.036  -11.121   -6.500   -6.500   -0.295    0.238    0.343    0.453    0.488    0.743
    0.815    1.177    1.290    1.749    1.906    2.461
            0.016667  0.028868  0.000000
  -23.017  -11.098   -6.582   -6.544   -0.268    0.266    0.371    0.481    0.515    0.770
    0.843    1.204    1.317    1.777    1.933    2.488
            0.033333  0.057735  0.000000
  -22.957  -11.027   -6.818   -6.674   -0.188    0.348    0.453    0.563    0.598    0.853
    0.926    1.287    1.400    1.859    2.016    2.570
            0.050000  0.086603  0.000000
  -22.859  -10.909   -7.185   -6.886   -0.053    0.486    0.591    0.701    0.736    0.990
    1.063    1.424    1.537    1.996    2.153    2.708
            0.066667  0.115470  0.000000
  -22.721  -10.744   -7.652   -7.172    0.136    0.678    0.785    0.894    0.929    1.183
    1.256    1.616    1.730    2.189    2.345    2.900
            0.083333  0.144338  0.000000
  -22.543  -10.532   -8.190   -7.524    0.379    0.925    1.033    1.142    1.177    1.430
    1.504    1.864    1.978    2.436    2.593    3.146
            0.100000  0.173205  0.000000
  -22.327  -10.276   -8.774   -7.932    0.675    1.227    1.337    1.445    1.481    1.733
    1.807    2.166    2.280    2.737    2.895    3.448
            0.116667  0.202073  0.000000
  -22.073   -9.975   -9.385   -8.384    1.025    1.583    1.696    1.802    1.839    2.090
    2.165    2.523    2.638    3.094    3.252    3.804
            0.133333  0.230940  0.000000
  -21.780  -10.006   -9.630   -8.869    1.429    1.994    2.110    2.215    2.253    2.502
    2.578    2.934    3.051    3.505    3.665    4.214
            0.150000  0.259808  0.000000
  -21.450  -10.627   -9.378   -9.244    1.887    2.459    2.579    2.683    2.722    2.969
    3.047    3.401    3.519    3.721    3.970    4.132
            0.166667  0.288675  0.000000
  -21.083  -11.240   -9.901   -8.818    2.397    2.972    2.978    3.103    3.205    3.245
    3.490    3.570    3.921    4.042    4.490    4.654
            0.183333  0.317543  0.000000
  -20.680  -11.839  -10.430   -8.354    2.223    2.960    3.550    3.683    3.782    3.825
    4.066    4.148    4.495    4.619    5.062    5.231
            0.200000  0.346410  0.000000
  -20.241  -12.418  -10.956   -7.857    1.483    3.576    4.173    4.318    4.413    4.459
    4.695    4.782    5.122    5.252    5.687    5.862
            0.216667  0.375278  0.000000
  -19.770  -12.975  -11.474   -7.330    0.760    4.242    4.845    5.008    5.097    5.148
    5.376    5.470    5.800    5.939    6.362    6.548
            0.233333  0.404145  0.000000
  -19.267  -13.507  -11.977   -6.777    0.060    4.958    5.557    5.753    5.834    5.892
    6.108    6.213    6.526    6.680    7.080    7.288
            0.250000  0.433013  0.000000
  -18.736  -14.011  -12.457   -6.207   -0.613    5.721    6.284    6.553    6.620    6.691
    6.883    7.010    7.290    7.476    7.823    8.080
            0.266667  0.461880  0.000000
  -18.182  -14.487  -12.910   -5.627   -1.255    6.526    6.932    7.409    7.451    7.545
    7.692    7.862    8.064    8.324    8.543    8.919
            0.283333  0.490748  0.000000
  -17.613  -14.932  -13.324   -5.047   -1.861    7.272    7.364    8.319    8.326    8.453
    8.533    8.766    8.856    9.220    9.294    9.574
            0.300000  0.519615  0.000000
  -17.044  -15.347  -13.685   -4.480   -2.431    7.289    8.210    9.256    9.283    9.413
    9.449    9.636    9.710    9.750    9.937   10.181
            0.316667  0.548483  0.000000
  -16.508  -15.730  -13.959   -3.942   -2.960    7.215    8.994    9.606   10.028   10.243
   10.306   10.434   10.440   10.728   10.736   11.150
            0.333333  0.577350  0.000000
  -16.081  -16.081  -14.076   -3.448   -3.448    7.177    9.471    9.471   10.043   11.203
   11.203   11.366   11.366   11.373   11.374   11.473
            0.316667  0.577350  0.000000
  -16.244  -15.944  -14.040   -3.676   -3.222    7.189    9.370    9.488   10.021   10.936
   11.077   11.103   11.107   11.206   11.215   11.230
            0.300000  0.577350  0.000000
  -16.399  -15.872  -13.928   -3.893   -3.013    7.224    9.252    9.398    9.906   10.683
   10.834   10.851   10.853   10.951   10.968   10.981
            0.283333  0.577350  0.000000
  -16.546  -15.859  -13.746   -4.099   -2.822    7.285    9.122    9.248    9.687   10.443
   10.598   10.612   10.613   10.710   10.732   10.742
            0.266667  0.577350  0.000000
  -16.685  -15.890  -13.512   -4.294   -2.649    7.371    8.985    9.037    9.415   10.218
   10.375   10.386   10.386   10.483   10.508   10.517
            0.250000  0.577350  0.000000
  -16.815  -15.948  -13.243   -4.478   -2.494    7.478    8.733    8.846    9.169   10.005
   10.165   10.172   10.173   10.269   10.298   10.304
            0.233333  0.577350  0.000000
  -16.937  -16.021  -12.952   -4.650   -2.359    7.605    8.342    8.708    8.973    9.807
    9.969    9.972    9.974   10.069   10.100   10.106
            0.216667  0.577350  0.000000
  -17.051  -16.102  -12.648   -4.811   -2.242    7.744    7.907    8.573    8.806    9.622
    9.787    9.788    9.788    9.883    9.916    9.920
            0.200000  0.577350  0.000000
  -17.156  -16.185  -12.339   -4.960   -2.143    7.457    7.888    8.443    8.655    9.450
    9.614    9.616    9.620    9.711    9.745    9.749
            0.183333  0.577350  0.000000
  -17.253  -16.266  -12.030   -5.098   -2.059    7.006    8.028    8.320    8.516    9.293
    9.456    9.458    9.467    9.552    9.588    9.591
            0.166667  0.577350  0.000000
  -17.342  -16.344  -11.726   -5.223   -1.990    6.564    8.155    8.205    8.389    9.149
    9.311    9.314    9.329    9.408    9.444    9.447
            0.150000  0.577350  0.000000
  -17.422  -16.417  -11.432   -5.337   -1.934    6.139    8.100    8.258    8.274    9.019
    9.180    9.183    9.205    9.277    9.314    9.316
            0.133333  0.577350  0.000000
  -17.493  -16.484  -11.151   -5.439   -1.889    5.737    8.004    8.170    8.333    8.902
    9.063    9.066    9.095    9.160    9.197    9.200
            0.116667  0.577350  0.000000
  -17.557  -16.544  -10.888   -5.530   -1.853    5.365    7.918    8.078    8.378    8.799
    8.960    8.962    8.999    9.056    9.094    9.097
            0.100000  0.577350  0.000000
  -17.612  -16.598  -10.647   -5.608   -1.825    5.027    7.843    7.997    8.398    8.710
    8.870    8.873    8.916    8.967    9.005    9.007
            0.083333  0.577350  0.000000
  -17.658  -16.643  -10.432   -5.674   -1.804    4.730    7.779    7.929    8.399    8.634
    8.794    8.797    8.846    8.891    8.930    8.932
            0.066667  0.577350  0.000000
  -17.696  -16.680  -10.249   -5.728   -1.789    4.478    7.727    7.873    8.391    8.573
    8.732    8.735    8.790    8.829    8.868    8.870
            0.050000  0.577350  0.000000
  -17.726  -16.710  -10.102   -5.771   -1.778    4.277    7.686    7.829    8.378    8.525
    8.684    8.687    8.746    8.781    8.820    8.822
            0.033333  0.577350  0.000000
  -17.747  -16.731   -9.994   -5.801   -1.770    4.129    7.656    7.798    8.366    8.490
    8.649    8.652    8.714    8.746    8.786    8.787
            0.016667  0.577350  0.000000
  -17.760  -16.743   -9.927   -5.819   -1.766    4.040    7.638    7.779    8.358    8.470
    8.629    8.632    8.695    8.725    8.765    8.767
            0.000000  0.577350  0.000000
  -17.764  -16.748   -9.905   -5.825   -1.765    4.010    7.633    7.773    8.355    8.463
    8.622    8.625    8.689    8.718    8.758    8.760
            0.000000  0.548483  0.000000
  -17.996  -16.493   -9.890   -5.921   -1.646    4.017    6.940    7.632    7.816    7.901
    7.953    8.175    8.270    8.494    8.595    8.738
            0.000000  0.519615  0.000000
  -18.428  -15.995   -9.846   -6.179   -1.318    4.039    6.215    6.886    7.050    7.140
    7.188    7.418    7.508    7.842    7.974    8.402
            0.000000  0.490748  0.000000
  -18.888  -15.426   -9.772   -6.541   -0.841    4.073    5.526    6.175    6.326    6.419
    6.465    6.700    6.786    7.126    7.254    7.689
            0.000000  0.461880  0.000000
  -19.339  -14.822   -9.670   -6.955   -0.269    4.116    4.878    5.503    5.643    5.740
    5.783    6.022    6.105    6.449    6.574    7.014
            0.000000  0.433013  0.000000
  -19.772  -14.196   -9.540   -7.389    0.363    4.102    4.336    4.869    5.001    5.101
    5.142    5.384    5.465    5.813    5.935    6.379
            0.000000  0.404145  0.000000
  -20.183  -13.553   -9.384   -7.823    1.032    3.639    4.276    4.288    4.403    4.503
    4.545    4.787    4.868    5.217    5.338    5.785
            0.000000  0.375278  0.000000
  -20.568  -12.898   -9.202   -8.246    1.721    3.107    3.724    3.841    3.946    3.981
    4.232    4.288    4.389    4.662    4.784    5.231
            0.000000  0.346410  0.000000
  -20.928  -12.235   -8.997   -8.649    2.408    2.608    3.220    3.324    3.433    3.465
    3.719    3.789    4.149    4.251    4.472    4.718
            0.000000  0.317543  0.000000
  -21.261  -11.568   -9.029   -8.771    2.146    2.701    2.848    2.933    2.990    3.128
    3.287    3.314    3.684    3.785    4.248    4.383
            0.000000  0.288675  0.000000
  -21.566  -10.904   -9.382   -8.527    1.724    2.292    2.413    2.516    2.556    2.801
    2.881    3.229    3.353    3.755    3.913    3.964
            0.000000  0.259808  0.000000
  -21.843  -10.249   -9.706   -8.268    1.341    1.904    2.020    2.125    2.163    2.412
    2.489    2.844    2.961    3.413    3.574    4.117
            0.000000  0.230940  0.000000
  -22.092   -9.998   -9.609   -8.001    0.998    1.555    1.668    1.775    1.811    2.062
    2.138    2.495    2.610    3.066    3.224    3.775
            0.000000  0.202073  0.000000
  -22.313  -10.259   -8.995   -7.730    0.695    1.247    1.357    1.465    1.501    1.753
    1.828    2.186    2.301    2.758    2.915    3.468
            0.000000  0.173205  0.000000
  -22.504  -10.486   -8.416   -7.463    0.432    0.980    1.088    1.197    1.232    1.485
    1.559    1.919    2.033    2.490    2.648    3.201
            0.000000  0.144338  0.000000
  -22.666  -10.679   -7.887   -7.209    0.210    0.753    0.861    0.970    1.005    1.258
    1.332    1.692    1.806    2.264    2.421    2.975
            0.000000  0.115470  0.000000
  -22.799  -10.838   -7.421   -6.978    0.028    0.568    0.674    0.784    0.819    1.073
    1.146    1.507    1.620    2.079    2.235    2.790
            0.000000  0.086603  0.000000
  -22.903  -10.962   -7.034   -6.780   -0.113    0.424    0.529    0.639    0.674    0.928
    1.001    1.362    1.476    1.935    2.091    2.646
            0.000000  0.057735  0.000000
  -22.977  -11.050   -6.743   -6.629   -0.214    0.321    0.426    0.536    0.571    0.825
    0.898    1.259    1.372    1.832    1.988    2.543
            0.000000  0.028868  0.000000
  -23.021  -11.104   -6.562   -6.533   -0.275    0.259    0.364    0.474    0.509    0.763
    0.836    1.197    1.310    1.770    1.926    2.481
            0.000000  0.000000  0.000000
  -23.036  -11.121   -6.500   -6.500   -0.295    0.238    0.343    0.453    0.488    0.743
    0.815    1.177    1.290    1.749    1.906    2.461
